1: (1.54918, 1.03007)
2: (0.976877, 0.113609)
3: (0.772373, 2.89609), (3.39311, 0.043755)
4: (-0.0154008, -0.479194)
5: (3.16072, 0.18074), (0.503978, 1.23886), (4.84865, 1.35955), (1.99851, 1.83335)
6: (1.36676, 4.02137), (-6.40288, -15.6192), (-4.41293, -17.1243), (-6.41203, -8.89988), (0.269386, -7.6624), (-0.221614, 2.87159), (2.50032, -14.0943), (-13.4311, -9.26154), (-2.96903, 3.46968), (6.82756, 3.90451), (-3.06725, -16.0593), (-3.60764, -19.5964), (-2.88611, -3.08207), (-2.31605, -5.59506), (-4.47206, 2.1137), (-11.8459, -13.0342), (-0.0181232, -1.53573), (4.46919, -4.14109), (-1.2846, -8.15866), (-9.22079, -7.67526), (-3.4575, -8.14781), (3.03974, -10.1702), (-1.2086, 6.01103), (4.9484, -12.0059), (-7.69642, -12.806), (-1.22588, 8.59375), (6.13809, -15.9248), (0.473415, 0.101169), (4.5545, -17.2459), (5.16064, 5.99226), (3.2595, -2.23207), (-8.08499, -10.4998), (-5.91318, 0.842916), (-0.69725, 5.93433), (8.81894, 4.5525), (6.93006, -18.9692)
7: (-0.0205338, 5.0901), (-5.36172, -1.50706), (-7.61416, -0.409153), (5.29989, 2.72589), (8.80825, 4.63491), (-2.34257, 8.02608), (1.3132, 0.514798), (-1.29941, -1.20257), (-10.3059, 1.26899), (3.33981, -3.40002), (-9.89376, 0.591488), (-2.71225, 1.97577), (-0.780349, -3.45488), (3.03298, 4.43714), (-6.66393, 3.77583)
8: (10.571347112636179, 3.9693552444853237), (21.3014, 11.9285), (4.93724, 14.2033), (-15.5418, -3.113), (-5.94405, 10.6167), (8.39166, 15.235), (1.13749, -1.31626), (5.19348, -10.4661), (-4.52674, 7.81338), (-0.223883, 18.0954), (9.7853, -9.1529), (4.29726, 1.12053), (2.30217, 0.407191), (14.0374, 5.90349), (2.36306, 23.824), (18.4554, 4.69312), (12.2573, 6.50894), (21.1728, 5.98971), (-9.46282, 5.22999), (-16.5063, -0.761132), (19.1863, 12.0457), (10.986, 11.5906), (-14.6106, 3.24408), (-16.4415, 1.45068), (-0.110429, 6.01557), (23.3483, 11.0411), (0.54324, 5.93313), (8.85931, 0.639941), (25.3919, 7.11637), (8.50453, 9.32163), (3.32434, -3.05306), (17.0884, 10.5149), (-2.67161, 3.81668), (6.23895, 2.56829), (7.75625, -4.41217), (9.49631, -7.79584), (-6.66786, 12.3282), (-1.7706, -3.95661), (7.48592, -11.8121), (11.8486, 4.13837), (0.259359, 22.7845), (18.4899, 9.11413), (7.40581, 6.16841), (19.0882, 6.97671), (6.66442, 16.0897), (-7.26044, 4.87927), (13.2521, 2.27294), (16.4869, 5.95171), (-2.67714, 6.53847), (-13.3847, 2.39491)
9: (9.47301, 24.1756), (-0.160355, 3.65519), (5.91845, 1.2861), (-7.89935, 8.83446), (13.454, 20.8065), (20.0446, 29.8491), (0.957777, -2.53144), (15.2729, 23.6252), (10.2116, 32.7197), (-6.18259, 7.11531), (10.1844, 26.2507), (11.6657, 29.7517), (10.4851, 3.44193), (3.95086, 4.8973), (8.96225, 0.102424), (0.00717534, 6.49928)
10: (29, -6), (3, -24), (-5, 96), (7, 20), (27, 0), (-6, 22), (-1, 22), (-85, 17), (90, 24), (89, 34), (-100, 23), (-7, 98), (-4, 109), (5, 82), (-16, 96), (0, 20), (-93, 13), (-85, 56), (9, 105), (-7, 82), (12, 20), (-79, 64), (-6, 101), (-43, 81), (15, 72), (-101, 10), (18, -2), (2, 0), (19, 74), (17, 87), (-27, -29), (5, -26), (15, -1), (14, 6), (6, -32), (-32, -6), (-30, -28), (6, 3), (14, -2), (20, 0), (-6, 100), (-8, 101), (-28, -24), (8, -34), (30, 0), (-20, 81), (3, -31), (14, 74), (-85, 7), (19, 4), (1, 113), (2, 9), (12, 3), (-49, 53), (11, -18), (-8, 100), (10, -19), (-15, 101), (15, 5), (-117, 1), (-34, -47), (1, 129), (28, 23), (13, -17), (-61, 52), (15, 65), (2, 14), (83, -36), (14, -13), (18, 3), (-43, 50), (12, -19), (-18, 96), (-82, 27), (-60, 101), (7, 82), (10, -34), (5, 106), (19, 1), (0, 26), (-41, -27), (17, 71), (19, -18), (20, -19), (89, 33), (16, -13), (17, 80), (13, 72), (-105, 6), (21, 71), (-43, 55), (-6, 112), (6, 105), (-86, 8), (-27, -35), (89, 52), (8, 7), (-4, 111), (10, -5), (-89, 6), (15, -17), (-25, -44), (7, -12), (0, -5), (128, 52), (-97, 20), (-85, 16), (93, 20), (155, 41), (-31, -42)
11: (0.581256, 0.585494), (17.1236, 21.588), (0.454199, 10.0682), (-1.33638, -2.48237), (2.06069, 3.39857), (7.47062, 24.6762), (11.4941, 13.9996), (0.888484, -3.6815), (-2.02068, -7.73817), (5.30193, 5.36051), (13.2119, 17.0599), (8.98658, 17.223), (-2.92868, 6.38376), (5.10766, 19.2643), (-3.73269, -5.12342), (13.0832, 7.78043), (-1.11491, 15.5586), (5.86997, -0.36401), (11.5634, 15.7818), (16.2195, 10.0418), (23.3701, 19.4504), (7.79758, 1.12295)
12: (-52, -38), (-70, -30), (-18, 3), (7, 20), (-5, 12), (-16, -48), (49, 9), (-2, 0), (-17, 11), (-49, -78), (16, 14), (3, 9), (0, 2), (21, 23), (10, 19), (-13, 23), (-5, -15), (-2, -16), (26, 21), (30, 8), (19, 19), (-67, -28), (0, 9), (10, 21), (-5, 6), (-29, -50), (-19, 17), (-19, 12), (3, 22), (23, 22), (-8, -48), (-23, -7), (33, 10), (-57, -46), (-9, 18), (-55, -33), (-8, 21), (-22, -2), (-18, -57), (-5, 23), (-17, -53), (4, 5), (-5, 26), (14, 8), (47, -3), (-38, -74), (-51, -35), (30, 23), (20, 31), (-12, 39), (24, -42), (19, 11), (30, 15), (-19, -3), (9, -2), (-23, 2), (-14, 3), (-23, -68), (-38, -79), (-21, -3), (33, 25), (5, 5), (-55, -35), (0, 21), (-8, 10), (21, 13), (5, 8), (6, 20), (-39, -16), (-22, 9), (-14, -57), (-50, -41), (8, 36), (-57, -73), (46, 10), (33, -3), (-53, -28), (-32, -52), (32, 38), (7, -1), (18, 21), (46, 21), (48, 3), (-19, 0), (9, 5), (12, -28), (3, 8), (6, 44), (-16, -27), (9, 2), (7, 18), (-23, 13), (9, 11)
13: (-13, 15), (25, -30), (-11, -3), (-9, -3), (27, -31), (-6, 4), (-14, 12), (-21, 16), (-17, 18), (16, 8), (-17, 11), (33, -21), (6, -7), (17, -8), (-7, -4), (13, -3), (7, 4), (-13, 7), (21, 2), (12, 1), (-3, 1), (-15, 16), (9, 19), (-6, -2), (6, -5), (-18, 9), (0, -6), (-4, 4), (7, -4), (9, 1), (-16, -9), (18, 4), (-5, 10), (6, 2), (2, 13), (-32, -14), (30, 4), (-7, 10), (-16, 1), (1, 6), (-33, -10), (-15, 3), (38, -4), (-13, 17), (20, -6), (-13, -14), (16, 1), (16, -5), (-16, 14), (-29, 12), (-22, 14), (22, 8), (1, 4), (23, 6), (25, -20), (-25, 14), (-20, -10), (-19, 4), (31, -21), (26, -5), (-25, 18), (15, 13), (-28, 9), (9, -2), (18, -5), (-1, -4), (31, -31), (-13, -4), (-16, -7), (11, 11), (-13, 9), (-18, 16), (-28, 3), (36, -2), (10, 9), (0, 1), (7, 15), (10, 4), (30, 7), (-19, -5), (-13, -2), (-30, 9), (-23, 11), (-18, -10), (-1, 12), (-11, 5), (2, 16), (-15, 7), (3, 3), (19, 1), (-9, 5), (-3, -4), (24, -6), (12, -3), (5, -1), (-26, 15), (-13, -10), (-12, 14), (7, -1), (35, -24), (9, 3), (-15, 9), (8, 6), (41, 0), (1, 0), (-25, 16), (4, 19), (1, -4), (-1, 10), (-14, 14)
14: (235.844, 28.3909), (669.377, 174.772), (253.69, 194.861), (265.622, 294.048), (168.861, 223.082), (207.925, 105.698), (248.334, 237.237)
15: (1.77992, 0.380304), (2.66999, 1.4958), (5.27178, 3.17541), (0.197832, 2.04946), (3.87922, 4.89741), (0.596128, -0.732982), (3.03642, 5.05374), (3.29664, -1.89309), (4.3073, 0.779421), (1.73738, 4.17887)
16: (4.893017274920758, -2.0171055673164955), (-2.58199, -5.65088), (-1.5055, -2.31999), (4.30567, -4.64605), (-2.77053, 0.673262), (3.72115, -1.20642), (3.04995, 4.30191), (0.283379, 0.135307), (-4.50041, -6.58922), (1.27658, -0.0589952), (2.73736, 1.24714), (3.16073, -6.5119), (5.30447, -3.85425), (-6.26808, -5.28717), (-6.31343, 6.26579), (-3.62098, -7.03234), (3.76275, -7.18847), (-3.13427, -0.131246), (-0.352532, 4.30252), (-3.24393, 2.48621), (4.84938, -8.01847), (-4.26868, -5.06031)
17: (2.831672649405372, -17.17330632903887), (15.546306389470876, 5.124597469583302), (-0.022299740929391965, 20.206377994068273), (7.89296, 2.10653), (-4.50537, 5.30156), (14.6409, -2.94616), (10.8966, -11.5856), (-1.2662, -1.24427), (1.07281, -13.2986), (5.10744, -4.01036), (8.01226, 9.37393), (0.733919, 27.4057), (15.6033, 16.1477), (-4.94919, -11.9872), (3.45035, 13.813), (3.71658, -8.45696), (-3.93584, 1.06047), (-2.44433, 16.7398), (6.19149, 13.1074), (10.6082, 6.86365), (11.6049, -6.39819), (5.76169, -13.7924), (-1.8685, -7.48865), (-4.87083, -4.058), (13.7272, 3.73915), (7.62145, 1.0938), (-7.11434, 16.1783), (7.32944, 16.1696), (14.9715, 3.24304), (0.682858, 25.4827), (14.6034, 6.82494), (7.92719, -13.4025), (7.12691, 19.5686), (6.69736, 0.118882), (10.2524, -4.30815), (-1.09815, -2.03884), (11.8121, 13.7043), (7.84777, 3.27662), (2.1536, -9.19491), (-8.44386, 7.70767), (0.838352, 1.3164), (-1.21281, 31.1583), (18.3849, -7.13003), (-1.25769, -16.6498), (0.657991, 16.3511), (3.14781, 21.8509), (-3.86309, -7.93966), (10.0256, 1.9081), (17.3382, 2.99294), (5.39163, 18.4819), (3.8859, 18.2545), (-3.86149, -0.825421), (11.8066, 0.0513723), (-2.8908, -0.0448198), (6.31082, 9.04855), (5.18992, 17.4759), (-2.59564, -11.4113), (0.0762636, -6.99836), (5.15063, 23.8029), (2.54665, 23.8736), (-0.917852, -13.8271), (1.66498, -17.2575), (-4.77497, -2.34623), (3.59452, 22.817), (3.51091, 20.5005), (17.0175, -4.99305), (1.75929, -12.0505), (-0.629961, -3.49671), (4.45574, -13.8235), (1.57914, -4.79039), (-6.56571, -9.70922), (-6.89692, 15.1384), (-5.40399, -9.0846), (5.19077, -9.98851), (0.88352, 1.79878), (8.18742, 19.119), (9.29758, -0.373371), (2.78695, -8.39325), (2.11948, 20.0277), (15.4508, 5.06792), (21.5576, -9.69764), (-7.36013, -10.2884), (13.537, -0.940673), (9.56606, 9.45249), (0.293696, 15.787), (-0.892647, 28.834), (1.75187, -8.45501), (-2.47232, -12.7679), (13.6116, 8.49245), (-10.0439, -9.06674), (-3.37146, -11.2069), (11.5586, 19.2528), (17.6025, 1.73042), (11.1732, 15.7447), (-0.537615, 23.5256), (20.0132, -9.68771), (-0.898656, -14.9603), (9.48357, 5.64051), (6.69979, 17.3676), (13.5679, -5.07742), (3.78707, -6.20304), (12.169, 16.0139), (-6.16775, 13.8316), (0.415662, -10.9798), (5.91666, -9.27062), (-2.43036, -17.7172), (8.51448, 6.14175), (12.6546, 3.42724), (-4.59462, 21.1877), (7.9496, -9.53255), (5.85558, 20.0872), (2.08071, 13.5105), (2.2573, 13.3895), (-4.23311, -11.3936), (1.32875, 18.1901), (3.87077, 24.4221)
18: (2.07384, 2.31178), (-13.3774, -0.950684), (-8.31591, 6.95501), (-9.12887, -3.17709), (-6.75795, 7.98255), (-12.9657, -6.09179), (-9.87139, 7.94317), (-14.6609, 0.814531), (-9.05155, 10.9977)
19: (0.37052, 10.3283), (-6.88421, -9.20369), (-0.660651, 7.41838), (-0.159928, 6.4777), (2.41401, -10.005), (-8.72649, -4.04589), (-8.43009, -9.32704)
20: (-15.2641, -8.97257), (6.60553, -6.78881), (4.89999, 3.45697), (0.340988, -15.3176), (-6.59023, 4.4088)
21: (-14.4206, 2.74777), (-5.09664, 11.1974), (-0.79646, 0.866413), (16.2397, -18.8068), (5.08363, 12.2926), (4.25091, 20.1888), (2.77841, -23.9843), (17.2846, -2.85993), (6.66145, -4.57998), (19.6587, -7.57089)
22: (-79.8476, 36.1645), (-44.1753, 5.88104), (-84.0978, 10.0936), (-69.0426, 73.5029), (-54.0512, 12.8064), (-74.1503, 15.566)
23: (32.1029, 5.57349), (24.7949, -3.21521), (39.3909, 1.12872), (19.6985, 2.62137), (38.8161, -11.5018), (5.21425, 12.0331), (42.0409, -5.83235), (37.3931, 5.86868), (39.4926, -5.56598), (33.9516, -6.57057), (33.5724, -3.12321)
24: (-11.5725, -1.79378), (-4.13758, 11.7829), (18.8742, 2.66881), (-22.1722, -12.7622), (-19.8398, 10.3324), (8.7183, 22.0113), (-13.1065, 9.17819), (-1.31469, -7.76184), (-10.4349, 3.89416)
25: (2.74589, 0.149524)
26: (-2.36982, 2.92978), (11.7527, 3.94211)
27: (-10.9256, 2.90023), (-6.6003, 0.258591), (-5.82817, -4.02829), (0.367985, -2.6163), (-6.27067, 4.64176), (1.37848, 2.20064), (2.9029, -0.276726), (-1.63232, 0.415629), (-11.5747, 8.15584), (-3.89988, -3.51285), (-10.5331, -0.896061), (-5.7082, 2.74418), (-2.89179, -0.390363), (-1.04203, -2.27132), (-2.76283, 2.71418), (0.844088, 3.28783), (-7.76121, -0.410855), (3.3798, 4.01235), (-6.22585, -0.751236), (-5.22656, 5.74597), (-6.34861, 2.35047), (0.72272, -2.14048), (-9.35098, 1.58428), (-7.11732, -3.88416), (-7.02119, -2.20227)
28: (-8.14167, -4.36477), (-8.0345, -1.29964), (2.44462, 1.16933), (-11.143, -3.04914), (-19.086, -1.66544), (-6.6558, -5.5505), (-9.12178, 1.95569), (4.41142, 0.420084), (-10.3402, -5.30204), (-11.3156, -0.0410401), (-5.37257, 1.55081), (-2.89934, -5.88579), (-6.84055, 1.5216), (-10.6123, -0.882888), (-12.3872, -2.17899), (-12.935, -1.18913), (-8.1281, -3.66629)
29: (7.655472832078246, -1.1858709853435803), (10.57, 9.4588), (12.0199, 8.20667), (1.4655, 12.4584), (2.74686, 0.673664), (3.44488, -9.24531), (7.67462, -3.07733), (5.76697, 14.1303), (1.79445, 8.02645), (3.78012, 18.08), (7.07661, 1.62677), (9.61021, -2.59891), (7.34606, -6.48815), (14.7262, -4.93806), (1.65211, 15.489), (-2.7689, -7.0445), (11.5371, -4.18502), (2.4363, 17.7584), (7.13772, -4.29319), (3.27763, 1.33134)
30: (-6.66078, 5.22144), (4.72962, 11.6245), (-2.12645, 0.198598), (7.10542, 7.14345), (-2.66327, 6.80363), (0.568555, 1.51741), (-1.3454, 15.7492), (0.376925, 14.2415), (11.4934, 4.52623), (1.47085, 13.4473), (2.80332, 12.6715), (2.40131, 6.34345), (-11.0555, 6.02149), (-2.73855, 17.8959), (-1.69774, 16.4391), (-0.632039, 15.605)