1: (2, 2)
2: (1, 0.5)
3: (5, 0), (0.2, 3)
4: (-1, 1), (0, -5)
5: (5, 0), (4, 1), (1, 1), (2.5, 1)
6: (0, -8), (1, 5), (-1, -9), (-4, -21), (-8, -14), (-8, -12), (8, -16), (6, 7), (-2, 0), (1, -6), (-15, -10), (5, -12), (7, -18), (2, -5), (5, -8), (0, 10), (3, -17), (7, -15), (-5, -8), (2, 0), (-3, -8), (-1, -7), (-5, 1), (6, 5), (-4, -13), (-7, -11), (-4, 2), (1, 1), (4, 6), (-6, 2), (2, 6), (-1, 7), (1, -3), (1, -1), (-14, -12), (-1, 9), (-8, -6), (3, -12), (-7, -13), (1, 3), (2, 2), (-2, -17), (3, -15), (-12, -15), (-4, -10), (-4, -19), (-6, -6), (-4, -17), (-11, -10), (-1, 5), (-13, -10), (-7, -7), (-3, -15), (9, 5), (-5, -1), (3, -2), (-2, -20), (4, -16), (4, -10)
7: (10, 5), (-1, 6), (-2, 0), (4, -2), (0, 10), (-6, -2), (2, 0), (0, 3), (1, 6), (1, 1), (3, 5), (-6, 2), (1, -3), (1, -1), (5, 7), (-1, 9), (9, 7), (-7, 3), (2, 2), (-5, 3), (2, 7), (-7, -1), (-3, -4), (3, -4), (8, 5), (-9, -1), (0, -5), (2, -2)
8: (-13, 0), (7, 6), (12, -7), (21, 11), (-5, 13), (-7, 4), (5, -5), (-1, 6), (23, 7), (-5, 11), (8, 9), (-10, 4), (-17, 1), (11, 5), (20, 13), (-3, 8), (0, 22), (16, 6), (19, 8), (-16, -4), (19, 7), (-15, 1), (2, 0), (6, 9), (14, 6), (1, 6), (11, 3), (1, 1), (7, 3), (4, 20), (4, -6), (-2, 9), (1, 4), (10, 13), (8, -1), (0, 8), (4, 18), (14, 8), (17, 4), (11, -9), (1, -1), (19, 11), (13, 4), (23, 11), (5, 4), (10, -12), (5, 12), (9, 7), (4, -4), (-16, 0), (-10, 1), (-1, -4), (2, 14), (-5, 8), (10, 11), (2, 7), (2, -3), (-4, 14), (18, 3), (13, 7), (6, 17), (21, 9), (-11, 5), (-3, 6), (27, 7), (-9, 5), (3, 19), (6, -1), (25, 7), (4, -1), (24, 12), (22, 13), (26, 9), (9, 4), (10, -5), (8, -12), (9, 12), (-1, 19), (7, 0), (16, 3)
9: (21, 30), (6, -6), (-5, 6), (8, 0), (-22, 8), (14, 24), (2, 6), (22, 34), (30, 27), (5, 4), (18, 24), (4, 2), (-10, 6), (0, 1), (12, 4), (13, 30), (21, 25), (1, 2), (6, 50), (13, 27), (0, -4), (14, 21), (17, 30)
10: (-1, -9), (5, 0), (0, 0), (2, -1), (-11, -2), (-16, 2), (3, 0), (-9, 2), (11, 8), (10, 2), (-5, -7), (-14, 3), (-14, -2), (-9, 0), (-2, 6), (4, -12), (9, 4), (2, -12), (5, -2), (5, -6)
11: (5, 0), (2, -6), (-4, 15), (-3, -3), (13, 12), (1, -10), (8, 18), (-5, -8), (8, 1), (10, 10), (6, -3), (16, 12), (4, 11), (9, 15), (-4, 6), (11, 17), (8, 16), (3, 2), (2, 2), (4, 8), (2, -3), (-13, 9), (-1, 3), (4, 14), (-5, -6), (23, 20), (8, 22), (13, 20), (11, 12), (17, 11), (9, 5), (-1, 19), (4, 16)
12: (5, 0), (0, 0), (-8, 2), (1, 6), (1, 2), (3, -2)
13: (20, 16), (7, 9), (8, 10), (-8, -12), (11, 6), (-4, -8), (-12, -8), (8, -4), (13, 5), (2, -5), (12, 10), (6, 2), (3, 13), (-1, -7), (-3, -2), (14, 13), (4, 5), (-2, -8), (12, 7), (8, 8), (19, 10), (2, 9), (-5, -2), (-4, -5), (-4, -3), (2, -3), (4, 2), (21, 10), (5, 3), (5, -4), (3, -4), (-1, -2), (5, 6)
14: (386, 128), (140, 219), (316, 187), (232, 43), (59, 295), (500, 264), (196, 108), (152, 26), (280, 21), (368, 295), (181, 165), (433, 239), (500, 63), (407, 196), (690, 211), (151, 315), (432, 85)
15: (-0.12132034355964239, 2.707106781186548), (3.0944271909999155, 0.04721359549995785), (3.7888543819998315, 1.8944271909999157), (0.5857864376269046, 0.5857864376269051), (4.32842712474619, -1.9142135623730963), (3.2888543819998315, -1.3944271909999166), (-1.5, -0.5), (4.894427190999916, 4.683281572999748), (0, -2), (5.547213595499958, 3.1416407864998734), (2.881966011250105, 5.354101966249685), (1.4347524157501472, 4.223606797749979), (2, 1)
16: (5, 0), (3.83079002116969, -7.0221921916437795), (5, 2), (5, 1), (-0.4959611631863794, 2.1873204098133687), (3.8973665961010275, -2.367544467966324), (-2.4033310217279675, 5.312626469082878), (0.3162277660168377, -0.9486832980505139), (0.9486832980505118, -9.170605214488301), (-4.6, -2.2), (3, 2), (-3.4, 1.2), (3.2, -9.6), (-2.943416490252571, -7.143416490252568), (-5.851046426743496, -8.009993065183902), (-1.897366596101029, -6.957010852370434), (5, -1), (-1.535533905932738, 2.707106781186548), (1, 0), (5, -2), (-4.14341649025257, -5.543416490252567)
17: (-0.48377223398316266, -1.5486832980505132), (5, 0), (-1.6837722339831624, 0.051316701949486676), (0.3162277660168377, -0.9486832980505139), (2, 1), (-1.535533905932738, 2.707106781186548), (1, 0), (-2.8221921916437798, -1.5930676813380702)
18: (-6.281152949374523, 10.269863840397816), (-7.399186938124423, 7.555451567225247), (2.163118960624632, 6.657395614066075), (-7.090169943749466, 12.759762125280599), (-10.708203932499366, 9.682078588105348), (-12.23606797749979, -3.804226065180613), (-6.381966011250106, -5.706339097770921), (-10.80901699437495, -8.1962373826537), (-5.663118960624632, -4.114496766047311), (-5.28115294937453, 9.094293335812875), (-12.618033988749897, -5.70633909777092), (-13.73606797749979, -3.4409548011779325), (-14.545084971874736, 2.126627020880102), (-10.80901699437495, -6.294124350063393), (-6.281152949374526, 2.2123837334570053), (-9.899186938124421, 7.1921803032225675), (-5.281152949374526, 6.016609798637622), (-8.899186938124421, 7.192180303222567), (-11.517220926874316, 2.2123837334570062), (5.663118960624631, -4.1144967660473135), (-13.427050983124845, -8.1962373826537), (-9.208203932499362, 11.220920356692975), (-11.927050983124841, 2.126627020880102), (-12.73606797749979, -0.3632712640026783), (-14.545084971874738, -0.9510565162951518), (-10, -0.7265425280053597)
19: (-8.190983005625052, -1.3143277802978335), (2.045084971874735, -8.922779910659063), (1.1631189606246324, 9.735079151241326), (-4.045084971874738, -11.445434344982765), (1.9721359549995792, 7.245180866358548), (5.663118960624632, 4.114496766047312), (-0.6458980337503146, 7.245180866358548), (-11.118033988749893, -5.343067833768241), (-0.6458980337503148, 12.224977436124107), (-9, -6.881909602355867), (-8.281152949374528, -8.36775080780751), (-8.190983005625052, -4.392011317473085), (0.16311896062463216, 9.735079151241326), (-10.590169943749476, -11.220920356692972), (-9, -3.804226065180613), (10.826237921249263, -6.069610361773607), (-5.663118960624631, 4.114496766047313), (-7.9721359549995805, -11.220920356692972), (2.1631189606246304, -6.6573956140660755), (-4.045084971874737, -5.290067270632258), (5.399186938124421, -4.306254604896185), (1.97213595499958, 12.224977436124107), (8.39918693812442, -13.539305216421944), (-9.781152949374528, -8.731022071810191)
20: (-16.876830606652312, 0.6022225211328056), (1.5681483474218534, -19.067501304332986), (6.062177826491071, 3.5), (-12.823658610514546, -2.0367359126318783), (-14.755510263092672, 8.519097822426847), (-11.409445048141452, -7.314652780161252), (11.416875301294052, -3.940857482931432), (-18.10157547804392, -7.314652780161252), (3.5, -6.062177826491073), (-18.619213568248966, -15.938634862641862), (-16.68736191567082, -2.0367359126318756), (-6.062177826491071, -3.5), (-6.83863496179863, 6.397777478867205), (-13.341296700719592, -14.524421300268763), (-2.2955549577344145, -15.203797999176713), (-20.033427130622066, -10.660717995112488), (5.431851652578127, -15.203797999176716), (13.538195644853694, -11.857732784225492), (1.5681483474218576, -11.340094694020443), (5.621320343559635, -13.979053127785129), (5.621320343559639, -3.940857482931431), (-3.5, 6.062177826491071)
21: (4.053171996137772, 22.12664382140154), (-9.12132034355964, 7.916875301294071), (-9.121320343559642, -7.916875301294052), (17.401898950009983, -7.994029479069213), (14.314652780161257, -14.75551026309271), (7.916875301294043, 18.262940516245276), (-9.12132034355964, 2.121320343559644), (18.109005731196525, -5.355071045304528), (16.435973123720892, -22.67238556438677), (0, 7), (8.519097822426824, -24.7937059079464), (20.74796416496121, -6.06217782649107), (-14.916875301294052, 2.1213203435596455), (20.040857383774664, -8.701136260255755), (3.5, -6.062177826491073), (-5.795554957734408, 7), (0.34340347603026533, -18.360394523146446), (0.18946869098150554, 18.262940516245273), (14.314652780161264, -8.95995530535828), (-7.916875301294041, 14.916875301294043), (4.053171996137777, 14.399237211089002), (-6.062177826491071, -3.5), (11.857732784225483, 3.5), (5.6213203435596295, -19.77460808551955), (-1.0708100863428367, -23.63831139067581), (15.470047297431837, -6.57981591669612), (18.81611251238307, -0.7842609589617027), (11.416875301294056, -3.9408574829314347), (-17.038195644853698, -5.795554957734406), (13.538195644853698, 0.6299526034113914), (6.062177826491072, 13.5381956448537), (-14.91687530129406, 13.71243025902848), (-20.71243025902847, 7.916875301294057), (4.207106781186527, -25.052524953048913), (0, 17.038195644853683), (-6.0621778264910695, 3.5), (5.6213203435596375, -13.97905312778514), (13.979053127785127, 11.416875301294054), (7, 0)
22: (-56, 0), (-35.215390309173486, 19), (-66.62435565298222, 86.36344801571299), (-82.12435565298213, 0), (-92.82050807568876, 30.99038105676653), (-65.56217782649105, -9.562177826491066), (-62.29422863406001, 70.20319397786862), (-78.62435565298212, 13.06217782649106), (-56, 33.12435565298213), (-78.4544826719044, 79.53332099679079), (-72.56217782649108, 42.686533479473184), (-82.12435565298213, 26.12435565298211), (-101.01666049839542, 45.18653347947315), (-78.62435565298216, 45.186533479473184), (-59.5, 20.062177826491062), (-86.82050807568879, 53.3826859021798), (-59, 12.196152422706628)
23: (38.16025403784438, -2.330127018922184), (7.732050807568881, 11.732050807568886), (32.196152422706625, -4.196152422706622), (39.66025403784437, 6), (34.92820323027551, -4.196152422706621), (33.92820323027549, -0.4641016151377495), (33.562177826491066, -5.562177826491061), (38.160254037844375, -12.062177826491066), (24.732050807568875, -4.196152422706629), (18.5, -3.3301270189221888), (3, 14.464101615137764), (0, 7), (37.29422863405993, 8.366025403784437), (22, -4.1961524227066285), (22, -1.4641016151377508), (21, 3), (32.196152422706625, -1.4641016151377453), (37.29422863405994, -6.5621778264910615), (34.9282032302755, -7.928203230275498), (43.258330249197705, -7.428203230275503), (0.2679491924311188, 9.732050807568884), (5, 7), (37.29422863405993, 0.6339745962155625), (36.42820323027549, 5.1339745962155625), (34.9282032302755, -1.4641016151377442), (33.92820323027549, 10.46410161513775), (40.52627944162882, -3.696152422706624), (23, 10.464101615137752), (26.464101615137753, -2.4641016151377446), (43.258330249197705, -4.696152422706623), (40.52627944162882, -7.428203230275506), (39.16025403784438, -6.062177826491066)
24: (8.196152422706636, 11.196152422706623), (20.196152422706625, 3), (-16.794228634059948, 1.5), (13.098076211353312, 7.098076211353313), (13.098076211353314, -4.098076211353316), (-9.696152422706632, 5.598076211353319), (-23.490381056766598, -15.294228634059932), (-8.830127018922202, 8.830127018922218), (-16.794228634059955, -9.69615242270663), (-5.598076211353309, 12.69615242270664), (-19.392304845413264, 0), (0, 3), (15.294228634059957, 15.294228634059941), (2.6339745962155696, -11.758330249197698), (-7.098076211353321, -4.098076211353314), (4.098076211353318, 7.098076211353311), (-11.562177826491084, 13.562177826491087), (-9.696152422706636, -5.598076211353316), (-1.5, -2.598076211353316), (-26.490381056766577, -4.098076211353302), (-19.392304845413275, -11.196152422706625), (4.098076211353325, 18.294228634059944), (-30.588457268119903, -11.196152422706607), (11.196152422706653, 22.392304845413257), (-26.490381056766587, 4.098076211353309), (-19.392304845413282, 11.196152422706636), (-13.562177826491077, 6.09807621135333), (1.5, 16.794228634059948), (-16.294228634059962, 10.830127018922203), (1.9019237886466998, -14.490381056766575)
25: (-3.345653031794292, -3.71572412738697), (-3.3456530317942894, 3.7157241273869723), (4.567727288213004, 2.0336832153790008), (-4.567727288213003, 2.033683215379002), (-0.5226423163382666, 4.972609476841367), (2.5, 4.330127018922193), (4.5677272882130024, -2.0336832153790048), (-0.5226423163382712, -4.972609476841367), (2.5, -4.330127018922195), (-4.8907380036690284, -1.0395584540887954)
26: (18.696152422706632, 5.598076211353315), (-4.098076211353315, 7.098076211353316), (10.5, 5.598076211353316), (18.696152422706636, -2.5980762113533165), (-4.098076211353328, -4.098076211353313), (10.5, -2.5980762113533196), (-11.196152422706632, 0)
27: (-5.454342451879132, 4.44541706249142), (-7.538149682454624, -6.00832755431992), (-1.5298221281347038, -1.897366596101027), (-2, 2.5), (-4.739661043516866, 6.992813867965851), (0, 2), (-1.9770357236346618, -2.791793787100943), (-8.923814483999378, -0.29849008874456384), (3, 0), (-6.457010852370434, -1.1911207467359413), (-1.0131139918451928, -1.866352174885374), (-6.408684903758265, 5.890834124982841), (-0.5, 2.5), (8, -0.5), (3.5, 3.8660254037844384), (-5, 2), (-4.375872022286245, -2.8460498941515406), (-12.159653509971315, 8.85228984115718), (-3.720942874870643, 0.044947230763848545), (-9.057548390430533, 0.8115167771218882), (2, -3), (-3.5, 2.5), (-10.87636040286997, -0.8494799602360674), (0.5, 3.866025403784438), (-4.5, 3), (-7.194875362878761, -0.19471381275301614), (-6.457010852370434, 0.3088792532640583), (-8.524922359499621, 3.894427190999916), (-3.2587612492553175, 1.8718404741148442), (-9.884033197667788, 2.063284672302937), (0.8842526042558359, -1.2338966428516978), (-6.457010852370435, 1.8088792532640583), (2.5, 5.598076211353316), (1.3162277660168378, -0.9486832980505139), (-6.957010852370434, -2.1911207467359413), (-2, 0.26794919243112236), (-10.710518004905046, 3.3150525674839866)
28: (-9.819710278943713, -1.867107084418139), (-6.787115124646272, 0.7343287201462241), (-10.662249331947855, -4.220854722582196), (0, 2), (0, 0), (-5.5, 2), (-2.8192188360437624, -6.072395395863973), (-11.748174829163975, 1.0536846710043113), (3, 0), (-14.132095377255412, -1.592105266497752), (-7, 2), (-6.850307749289297, -6.054446203432844), (-12.999942724345026, 0.22719986376705514), (-8.993225471706456, -3.1188749795991875), (6.464101615137755, 1), (-8.947213595499958, 1.1055728090000843), (-12.315218946422368, -1.7173189322200964), (-8.575969506646107, -2.843380043853437), (-10.779928992612122, 0.4946676766293635), (-14.251710619526074, -0.599284943470201), (-10.646195086180969, -0.6153391892370885), (-10.496406933982925, 1.8801694782415672), (3, 3), (-11.488734139185112, -2.9690868274011466), (-12.448952852853521, -0.6073120663536443), (-9.410481436766798, 8.823732732069473)
29: (0, 18), (8.477198362086886, -6.149560713568394), (8.851180249068117, 11.963730461571236), (6, 1), (1.5, 13.5), (-0.9565050486500715, -7.738556122219936), (6.821669544401949, -9.859876465779585), (12.823109699384256, -4.313004349561942), (6.927782454342166, -1.895232288913381), (1.5, 15), (14.011559863717384, -6.207096798967874), (3, 2), (7, 1.5), (14, 1.5), (10.260514032540941, -2.753163508874704), (7.282309823063416, -3.352733693656302), (7.697918365697627, -1.1933226681874651), (2.2928932188134525, 8.207106781186548), (1.5, 9), (1.5, 4.5), (7.636837191784665, -4.810235098399223), (7.3873549693511915, -5.90007849113492), (2.5527864045000417, 17.841640786499873)
30: (1.6583592135001255, 13.760990336999411), (6.130495168499705, 4.816718427000252), (11.94427190999916, 5.263932022500211), (-0.4832815729997475, 13.831810730249346), (2.5, 4), (-0.6832815729997488, 14.931810730249346), (-1, 5.5), (2.1055728090000843, 7.947213595499958), (-5.5, 5.5), (4.341640786499873, 12.419349550499536), (-1.58328157299975, 16.131810730249345), (2, 4), (2.5, 7), (0, 1), (-10, 5.5), (3, 3), (-2.483281572999752, 17.331810730249344), (0.3167184270002519, 14.431810730249348), (2.5, 5.5), (8.024922359499621, 6.605572809000083), (3, 13.090169943749473)
